page_url 1 2 10 
http 1 14 18 
filmplace 1 21 30 
ru 1 31 33 
film 1 34 38 
ej-arnold-arnold-kino 1 39 60 
html 1 61 65 
title 1 69 74 
арнольд 13 82 89 93 100 293 300 338 345 614 621 703 711 843 850 935 942 2050 2058 2608 2617 2968 2975 3146 3154 3588 3595 
+ 1 91 92 
кино 2 102 106 624 628 
alternative_titles 1 110 128 
hey 2 133 136 147 150 
arnold 2 137 143 151 157 
the 1 159 162 
movie 1 163 168 
genres 1 173 179 
драма 1 184 189 
зарубежный 1 193 203 
мультфильм 4 204 215 3343 3353 3569 3580 3695 3706 
комедия 1 219 226 
мультсериал 5 230 242 1366 1377 2375 2386 4200 4211 4364 4376 
приключение 1 246 257 
семейный 1 261 269 
description 1 274 285 
n 4 303 304 609 610 630 631 1108 1109 
главный 1 305 312 
герой 2 313 318 3562 3568 
сериал 2 319 326 2754 2760 
школьник 1 329 337 
жить 1 347 354 
с 12 355 357 852 853 908 909 1409 1410 1614 1615 1832 1833 1882 1883 2953 2954 3260 3261 3484 3485 3904 3906 4163 4165 
дедушка 2 365 373 3476 3483 
фил 1 374 379 
и 15 380 381 482 483 712 713 772 773 821 822 906 907 1473 1474 1885 1886 2698 2699 2959 2960 3155 3156 3913 3914 4172 4173 4428 4429 4434 4435 
бабушка 2 382 390 3486 3494 
гертруда 1 391 400 
в 16 401 402 523 524 547 548 898 899 1047 1048 1391 1392 1510 1511 1603 1604 1828 1829 2031 2032 2159 2160 2486 2487 2632 2633 3024 3025 3386 3387 3839 3840 
пансион 1 403 411 
сансет-армза 1 413 424 
владелец 1 427 438 
который 4 439 447 1073 1080 3370 3377 3411 3418 
они 4 448 451 3641 3644 3690 3693 4457 4459 
являться 1 452 460 
он 10 462 465 900 904 1081 1083 1887 1889 2016 2019 2467 2470 2647 2650 3157 3160 3922 3925 4181 4184 
родитель 1 466 474 
стелла 1 475 481 
майлз 1 484 489 
пропасть 1 490 497 
принимать 1 505 514 
участие 1 515 522 
спасательный 1 525 537 
операция 1 538 546 
далекий 1 549 556 
страна 1 557 563 
место 3 565 570 731 736 3556 3561 
действие 1 571 579 
вымышленный 1 582 593 
город 1 594 599 
хиллвуд 1 600 607 
эй 2 610 612 2965 2967 
у 5 632 633 1596 1597 2915 2916 3438 3439 3639 3640 
безжалостный 1 634 647 
магнат 1 648 655 
родиться 1 656 663 
злодейский 1 664 674 
план 1 675 679 
снести 1 681 687 
родной 1 688 694 
квартал 2 695 702 1063 1071 
выстроить 1 714 723 
на 7 724 726 795 797 2721 2723 3170 3172 3553 3555 4122 4124 4393 4395 
огромный 1 737 745 
супермаркет 1 746 757 
время 2 759 764 2036 2041 
пойти 1 765 770 
кто-то 2 774 780 828 834 
должный 1 781 787 
встать 1 788 794 
защита 1 798 804 
уютный 1 805 812 
уголок 1 813 819 
стать 3 835 841 1890 1894 3016 3023 
хвостатый 1 854 863 
зануда 1 864 871 
хельга 2 872 879 2567 2573 
тайно 1 881 886 
влюбить 1 887 897 
хороший 6 910 916 3075 3082 3231 3238 3304 3311 3651 3657 3759 3766 
друг 2 917 923 3161 3168 
джеральд 1 924 934 
устраивать 1 943 953 
забастовка 1 954 964 
вернуть 1 972 979 
слово 1 980 985 
прогресс 1 987 995 
истинный 1 1001 1009 
значение 1 1010 1018 
находить 1 1021 1029 
новый 1 1030 1035 
очарование 1 1036 1046 
старый 1 1049 1055 
добрый 3 1056 1062 1466 1472 3100 3106 
называть 1 1084 1092 
дом 1 1100 1105 
\ 1 1107 1108 
date 1 1113 1117 
09.09.1996 1 1121 1131 
duration 1 1135 1143 
null 1 1146 1150 
actors 1 1153 1159 
кэт 1 1164 1167 
сауся 1 1168 1173 
крэйга 1 1177 1182 
бартлетта 1 1183 1191 
дэн 1 1195 1198 
кастелланета 1 1199 1211 
энди 1 1215 1219 
макэфи 1 1220 1226 
оливия 1 1230 1236 
хэк 1 1237 1240 
спенсер 1 1244 1251 
клейн 1 1252 1257 
франческа 1 1261 1270 
смит 2 1271 1275 1293 1297 
джамил 1 1279 1285 
уолкер 1 1286 1292 
джастин 1 1301 1308 
шенкароу 1 1309 1317 
сэм 1 1321 1324 
гифальди 1 1325 1333 
comments 1 1338 1346 
очень 3 1351 1356 1895 1900 2147 2152 
классный 5 1357 1365 2656 2664 3877 3885 4136 4144 4191 4199 
смотреть 4 1379 1386 2458 2466 3915 3921 4174 4180 
еще 3 1387 1390 3946 3949 4360 4363 
детство 8 1393 1400 2288 2295 2387 2394 2409 2416 2674 2681 3118 3125 3262 3270 3801 3808 
сейчас 2 1402 1408 1740 1746 
удовольствие 1 1411 1424 
пересмотреть 2 1425 1436 2004 2015 
мульт 13 1438 1443 2400 2405 2665 2670 2939 2945 3002 3007 3239 3244 3312 3317 3792 3797 3886 3891 4014 4020 4040 4045 4145 4150 4497 4502 
интересный 1 1444 1454 
забавный 1 1456 1464 
поучительный 1 1475 1487 
а 4 1489 1490 1749 1750 2630 2631 3084 3085 
начальный 1 1491 1500 
заставка 1 1501 1509 
память 1 1512 1518 
навсегда 1 1519 1527 
10/10 1 1529 1534 
старт 1 1538 1543 
взросление 1 1550 1560 
цветовой 1 1562 1570 
гамма 1 1571 1576 
идентифицироваться 1 1577 1595 
я 8 1598 1602 1642 1643 1835 1838 1854 1855 1974 1975 2096 2100 2917 2921 3045 3046 
подкорка 1 1605 1613 
мишка 1 1618 1625 
гамми 1 1626 1631 
да-да 1 1635 1640 
из 6 1644 1646 2406 2408 2671 2673 3115 3117 3709 3711 3798 3800 
поколение 1 1647 1656 
80-й 1 1657 1661 
мультик 6 1669 1677 2428 2435 3107 3114 3219 3226 3730 3737 3751 3758 
дисней 1 1678 1684 
по 2 1685 1687 3950 3952 
воскресение 1 1688 1700 
быть 11 1701 1705 1839 1843 2087 2091 2257 2261 2598 2602 2922 2926 2983 2987 3645 3650 3663 3667 3994 3998 4294 4299 
настоящий 1 1706 1715 
волшебство 1 1716 1727 
тот 2 1732 1734 2219 2223 
что 4 1736 1739 2578 2582 3623 3626 4484 4487 
простота 1 1751 1759 
графика 1 1760 1767 
компенсироваться 1 1768 1784 
серьезный 1 1785 1795 
жизненный 1 1796 1806 
тема 1 1807 1813 
поднимать 1 1815 1827 
м 2 1830 1831 1880 1881 
11 1 1844 1846 
впервые 1 1856 1863 
посмотреть 1 1864 1874 
важный 4 1901 1907 2153 2158 2200 2205 3812 3818 
учебник 1 1910 1919 
для 6 1922 1925 2092 2095 2833 2836 3359 3362 3429 3432 3496 3499 
подрастать 1 1926 1939 
сознание 1 1940 1948 
хоть 2 1950 1954 2992 2996 
глубина 1 1959 1966 
смысл 1 1967 1973 
понять 1 1976 1982 
уже 1 1983 1986 
через 1 1987 1992 
много 1 1993 1998 
год 1 1999 2002 
полностью 1 2020 2029 
история 1 2042 2049 
нестандартный 1 2061 2075 
мальчик 2 2076 2084 3137 3145 
моральный 1 2101 2110 
подспорье 1 2111 2121 
можно 2 2128 2133 4320 4325 
так 3 2134 2137 2825 2828 3063 3066 
сказать 2 2138 2145 2447 2452 
жизнь 2 2161 2166 2947 2952 
уметь 1 2167 2172 
поступать 1 2173 2182 
правильно 1 2183 2192 
это 2 2194 2199 3990 3993 
научиться 1 2206 2215 
до 2 2216 2218 2575 2577 
ты 1 2229 2231 
окончить 1 2232 2240 
школа 5 2241 2246 2488 2493 3388 3393 3907 3912 4166 4171 
неприятный 1 2262 2272 
воспоминание 1 2273 2285 
о 3 2286 2287 2876 2877 3127 3128 
спасибо 2 2297 2304 4476 4483 
создатель 1 2305 2315 
обязательный 1 2316 2326 
к 1 2327 2328 
просмотр 1 2329 2338 
подростковый 1 2339 2351 
аудитория 1 2352 2362 
любимый 2 2367 2374 2931 2938 
судить 1 2421 2427 
браться 1 2439 2445 
учиться 1 2478 2485 
признаться 1 2495 2505 
помнить 4 2510 2515 3056 3061 3892 3897 4151 4156 
ровный 1 2516 2522 
счет 1 2523 2529 
один 2 2533 2537 2997 3001 
серия 2 2538 2543 3848 3853 
но 2 2545 2547 3767 3769 
хорошо 1 2548 2554 
запомниться 1 2555 2566 
надоедливый 1 2586 2597 
над 1 2604 2607 
издеваться 1 2618 2628 
тайна 1 2634 2639 
любить 1 2640 2646 
познавательный 1 2683 2697 
веселый 1 2700 2707 
несмотря 1 2712 2720 
откровенно 1 2724 2734 
отвратный 1 2735 2744 
рисовка 2 2745 2752 2878 2885 
замечательный 2 2761 2774 3185 3198 
сатиричный 1 2776 2786 
прикольный 1 2794 2804 
наивный 1 2809 2816 
совсем 1 2817 2823 
возраст 1 2844 2852 
подойти 1 2853 2861 
за 1 2863 2865 
задумка 1 2866 2873 
5 3 2874 2875 3743 3744 4212 4213 
говорить 1 2891 2899 
хотеться 1 2903 2910 
два 1 2927 2930 
луи 1 2955 2958 
ник 1 3008 3012 
итог 1 3026 3031 
классика 1 3032 3041 
самый 1 3086 3091 
главное 1 3092 3099 
простой 1 3129 3136 
взгляд 1 3177 3183 
незатейливый 1 3206 3218 
ассоциироваться 1 3246 3259 
периодически 1 3274 3286 
пересматривать 1 3287 3300 
ужасный 2 3324 3331 3780 3787 
персонаж 1 3332 3341 
снять 1 3354 3358 
ребенок 4 3363 3368 3500 3505 3529 3533 3609 3614 
обижать 1 3378 3385 
из-за 1 3394 3399 
внешность 1 3400 3409 
везти 1 3422 3427 
кто 1 3440 3444 
неполный 1 3445 3453 
семья 1 3454 3459 
или 1 3460 3463 
воспитывать 1 3464 3475 
другой 1 3506 3512 
национальность 1 3513 3527 
проецировать 1 3537 3547 
себя 1 3548 3552 
давать 1 3598 3602 
надежда 1 3615 3622 
весь 1 3635 3638 
ребята 1 3677 3683 
8 1 3707 3708 
10 1 3712 3714 
обожать 1 3718 3724 
персанажить 1 3770 3779 
проблема 1 3819 3827 
решаться 1 3830 3838 
vitman 1 3859 3865 
777 1 3865 3868 
писать 1 3870 3875 
прийти 2 3898 3903 4157 4162 
точный-точный 1 3933 3944 
телек 1 3953 3959 
показывать 1 3960 3970 
ох 2 3971 3973 4412 4414 
как 1 3977 3980 
давно 1 3984 3989 
качество 1 4005 4013 
норма 1 4021 4025 
офигенный 1 4030 4039 
супер 1 4053 4058 
мультикспасибо 1 4059 4073 
админ 1 4074 4081 
добавить 3 4091 4099 4340 4348 4488 4496 
p 1 4100 4101 
s 1 4102 4103 
скачать 1 4105 4111 
теперь 1 4112 4118 
1 1 4120 4121 
раздача 1 4125 4132 
талять 1 4218 4223 
26 1 4224 4226 
почитать 1 4226 4235 
тут 1 4236 4239 
topic 1 4243 4248 
1/13061 1 4249 4256 
просьба 1 4261 4268 
оставить 1 4269 4280 
под 1 4281 4284 
фильм 2 4285 4293 4462 4469 
проигнорировать 1 4300 4315 
вы 1 4326 4329 
попросить 1 4330 4339 
пожалуйста 1 4349 4359 
чокнутый 1 4377 4385 
чудо 1 4386 4392 
вираж 1 4396 4403 
котопес 1 4404 4411 
ребеночек 1 4422 4427 
том 1 4430 4433 
джери 1 4436 4441 
полнометражный 1 4442 4456 
7 1 4460 4461 
суперский 1 4503 4512 
} 1 4515 4516 
