page_url 1 2 10 
http 1 14 18 
filmplace 1 21 30 
ru 1 31 33 
film 1 34 38 
vsyo-na-prodazhu 1 39 55 
html 1 56 60 
title 1 64 69 
весь 6 73 76 404 407 620 623 683 686 899 902 1689 1692 
на 6 77 79 284 286 408 410 774 776 903 905 1731 1733 
продажа 3 80 87 411 418 906 913 
alternative_titles 1 91 109 
wszystko 1 114 122 
na 1 123 125 
sprzedaz 1 126 134 
genres 1 139 145 
артхаус 1 150 158 
авторский 1 161 170 
кино 4 171 175 1507 1511 1526 1530 1627 1631 
драма 1 179 184 
зарубежный 1 188 198 
фильм 3 199 204 384 389 1779 1784 
description 1 209 220 
рассказ 1 224 231 
о 1 232 233 
жизнь 3 234 239 576 581 746 751 
кинематографический 2 240 259 556 575 
богема 1 260 266 
в 7 268 270 370 371 420 421 1111 1113 1615 1616 1709 1710 1795 1796 
врем€ 2 271 276 427 432 
съемка 2 277 283 713 719 
площадка 2 287 295 1744 1752 
€витьс€ 1 299 305 
исполнитель 2 306 317 1753 1764 
главный 3 318 325 633 641 1765 1772 
роль 2 326 330 1773 1777 
что 1 332 335 
с 1 336 337 
он 3 338 341 348 350 1572 1575 
куда 1 343 347 
исчезнуть 1 351 356 
кто 1 358 361 
виноватый 1 362 369 
пропажа 1 376 383 
анджей 3 390 396 1241 1247 1309 1315 
вайда 2 397 402 1248 1253 
многий 1 433 439 
казатьс€ 1 440 447 
неэтичный 1 448 457 
дл€ 5 459 462 659 662 709 712 1068 1071 1512 1515 
советский 1 463 472 
зритель 2 473 481 868 875 
это 1 482 485 
быть 3 486 490 694 698 758 761 
довольно 1 491 499 
непривычный 1 500 511 
зрелище 1 512 520 
среди 1 528 533 
выдумать 1 534 544 
истори€ 1 545 552 
из 1 553 555 
вдруг 1 582 587 
попадатьс€ 1 588 598 
реальный 1 601 609 
а 1 611 612 
как 1 616 619 
осуждать 1 624 632 
герой-режиссер 1 642 657 
который 2 663 671 721 728 
чуть 1 672 676 
вокруг 1 687 693 
предмет 1 699 708 
собственный 1 734 745 
готовый 1 752 757 
запечатлеть 1 762 773 
пленка 1 777 783 
слишком 2 786 793 831 838 
раскрепощенно 1 794 807 
говорить 2 812 820 859 867 
критик 1 821 828 
автобиографичный 1 839 854 
иронический 1 877 888 
название 1 889 897 
мочь 1 915 920 
теперь 1 921 927 
прозвучать 1 928 938 
зловещий 1 948 956 
предсказание 1 957 969 
тот 1 970 974 
кинематографист 1 980 996 
наконец-то 1 998 1008 
получить 1 1009 1016 
идеологический 1 1017 1031 
и 3 1032 1033 1672 1673 1859 1860 
общественный 1 1034 1046 
свобода 1 1047 1054 
возможность 1 1056 1067 
художнический 1 1072 1086 
самовыражение 1 1087 1100 
оказатьс€ 1 1102 1110 
власть 1 1114 1120 
более 1 1121 1126 
разрушительный 1 1127 1141 
сила 1 1142 1146 
называть 1 1148 1158 
золотой 1 1160 1167 
телец 1 1168 1175 
\ 1 1177 1178 
n 1 1178 1179 
date 1 1183 1187 
28.01.1969 1 1191 1201 
duration 1 1205 1213 
01 1 1217 1219 
34 1 1220 1222 
19 1 1223 1225 
director 1 1229 1237 
actors 1 1257 1263 
беата 1 1268 1273 
тышкевич 1 1274 1282 
эльжбета 2 1286 1294 1447 1455 
кемпиньск 1 1295 1305 
лапицкий 1 1316 1324 
даниэль 1 1328 1335 
ольбрыхский 1 1336 1347 
витольд 1 1351 1358 
холцый 1 1359 1363 
малгожата 1 1367 1376 
потоцк 1 1377 1384 
богумил 1 1388 1395 
кобел€ 1 1396 1402 
тадеуш 1 1406 1412 
калиновский 1 1413 1424 
ирэна 1 1428 1433 
л€сковск 1 1434 1443 
чижевска 1 1456 1464 
comments 1 1469 1477 
мутотень 1 1482 1490 
без 1 1492 1495 
оценка 1 1496 1502 
любитель 2 1516 1525 1897 1906 
первый 1 1534 1540 
единственный 1 1545 1557 
раз 1 1559 1562 
смотреть 2 1563 1571 1918 1926 
юный 1 1576 1580 
девушка 1 1581 1589 
почти 1 1591 1596 
ничто 1 1597 1603 
понимать 1 1607 1614 
искусство 1 1617 1626 
но 1 1633 1635 
заворожить 1 1640 1649 
строить 1 1656 1663 
догадка 1 1664 1671 
предположение 1 1674 1687 
равный 1 1693 1698 
ошибитьс€ 1 1699 1708 
причина 1 1711 1719 
отсутствие 1 1720 1730 
съемочный 1 1734 1743 
вт€гивать 1 1785 1794 
орбита 1 1802 1808 
кружить 1 1810 1816 
переворачивать 1 1818 1832 
озадачивать 1 1834 1845 
ошарашивать 1 1847 1858 
отпускать 1 1864 1873 
до 1 1874 1876 
последний 1 1877 1887 
кадр 1 1888 1893 
однозначно 1 1907 1917 
удивительный 1 1930 1941 
нет 1 1947 1950 
отзыв 1 1951 1958 
} 1 1963 1964 
