page_url 1 2 10 
https 1 14 19 
www 1 22 25 
kinopoisk 1 26 35 
ru 1 36 38 
media 1 39 44 
news 1 45 49 
3171681 1 50 57 
title 1 62 67 
трейлер 1 71 79 
неделя 1 80 86 
хищник 3 88 94 5675 5681 5926 5935 
люк 3 96 99 3442 3445 3481 3484 
кейдж 3 100 105 3446 3451 3485 3490 
и 27 106 107 246 247 368 369 517 518 657 658 864 865 937 938 1396 1397 1542 1543 1589 1590 1736 1737 1770 1771 2233 2234 2430 2431 2850 2851 2904 2905 2945 2946 2995 2996 3658 3659 3889 3890 4254 4255 4666 4667 5093 5094 5423 5424 5991 5992 6101 6102 6379 6380 
дракула 3 108 115 3850 3857 4050 4057 
на 19 116 118 352 354 1650 1652 2445 2447 3504 3506 3680 3682 3770 3772 3963 3965 4173 4175 4299 4301 4425 4427 4513 4515 4589 4591 4908 4910 5053 5055 5116 5118 5442 5444 5781 5783 6426 6428 
отдых 1 119 125 
body 1 129 133 
13 2 138 140 181 183 
причина 2 141 147 184 190 
почему 3 148 154 191 197 370 376 
n 93 156 157 158 159 414 415 416 417 418 419 454 455 456 457 755 756 757 758 759 760 804 805 806 807 1109 1110 1111 1112 1113 1114 1160 1161 1162 1163 1461 1462 1463 1464 1465 1466 1514 1515 1516 1517 1811 1812 1813 1814 1815 1816 1855 1856 1857 1858 2014 2015 2016 2017 2018 2019 2055 2056 2057 2058 2568 2569 2570 2571 2572 2573 2605 2606 2607 2608 2704 2705 2706 2707 2708 2709 2752 2753 2754 2755 3120 3121 3122 3123 3124 3125 3147 3148 3149 3150 3436 3437 3438 3439 3440 3441 3453 3454 3455 3456 3756 3757 3758 3759 3760 3761 3829 3830 3831 3832 4183 4184 4185 4186 4187 4188 4243 4244 4245 4246 4534 4535 4536 4537 4538 4539 4566 4567 4568 4569 5232 5233 5234 5235 5236 5237 5268 5269 5270 5271 5551 5552 5553 5554 5555 5556 5591 5592 5593 5594 5595 5596 5597 5598 5599 5600 5669 5670 5671 5672 5673 5674 5703 5704 5705 5706 5707 5708 5709 5710 5711 5712 6035 6036 6037 6038 6039 6040 6093 6094 6095 6096 
\ 57 157 158 415 416 417 418 455 456 756 757 758 759 805 806 1110 1111 1112 1113 1462 1463 1464 1465 1515 1516 1812 1813 1814 1815 2013 2014 2015 2016 2017 2018 2056 2057 2569 2570 2571 2572 2606 2607 2705 2706 2707 2708 2753 2754 3121 3122 3123 3124 3148 3149 3437 3438 3439 3440 3757 3758 3759 3760 3830 3831 4182 4183 4184 4185 4186 4187 4244 4245 4535 4536 4537 4538 4567 4568 5233 5234 5235 5236 5269 5270 5552 5553 5554 5555 5592 5593 5594 5595 5596 5597 5598 5599 5670 5671 5672 5673 5704 5705 5706 5707 5708 5709 5710 5711 6036 6037 6038 6039 6094 6095 
первый 2 159 165 2689 2695 
сезон 1 166 171 
сериал 1 172 179 
начать 2 206 211 3284 3290 
рассказывать 1 212 224 
история 2 225 232 1727 1734 
ханна 2 233 238 337 342 
бейкер 1 239 245 
тот 3 248 252 693 696 4315 4319 
как 3 254 257 667 670 5040 5043 
окружать 1 258 268 
подтолкнуть 1 269 280 
девушка 3 281 288 4484 4491 6305 6312 
к 2 289 290 6233 6234 
самоубийство 1 291 303 
продолжение 1 305 316 
показать 1 317 324 
смерть 1 330 336 
повлиять 1 343 351 
жизнь 5 355 360 476 482 1777 1782 2424 2429 2955 2960 
герой 6 361 367 2719 2725 3618 3623 3691 3696 4927 4932 5720 5725 
кто-то 1 377 383 
опять 1 384 389 
пытаться 3 390 398 3210 3218 4646 4653 
скрыть 1 399 405 
правда 1 406 412 
mamma 1 420 425 
mia 1 426 429 
2 2 431 432 2581 2582 
режиссер 15 435 443 781 789 1139 1147 1486 1494 1835 1843 2029 2037 2585 2593 2728 2736 3799 3807 4216 4224 4549 4557 5246 5254 5569 5577 5684 5692 6069 6077 
ол 1 444 446 
паркер 1 447 453 
донна 3 457 462 582 587 713 718 
наслаждаться 1 463 475 
в 27 483 484 634 635 1296 1297 1467 1469 1619 1620 1725 1726 1793 1795 1823 1824 1964 1966 2165 2166 2185 2186 2432 2433 2687 2688 2786 2787 2984 2985 3135 3136 3424 3425 3605 3606 3729 3730 3915 3916 4364 4365 4773 4774 5411 5412 5543 5544 5877 5878 5914 5915 6167 6168 
греция 1 485 491 
отдыхать 1 493 500 
с 13 501 502 691 692 866 868 914 915 1008 1009 1879 1880 3164 3165 3303 3304 3561 3562 3643 3644 4980 4981 5924 5925 6239 6240 
сэм 1 503 508 
билл 1 510 516 
гарри 1 519 524 
но 10 526 528 971 973 1371 1373 1767 1769 2962 2964 3677 3679 4397 4399 5001 5003 5791 5793 6471 6473 
беззаботный 1 529 541 
существование 1 542 555 
скоро 1 556 561 
прийти 1 562 568 
конец 1 569 574 
забеременеть 1 588 600 
теперь 2 602 608 2379 2385 
она 3 609 611 2860 2863 6235 6238 
предстоять 2 612 621 2402 2411 
разобраться 2 622 633 3549 3560 
собственный 2 636 647 1073 1084 
чувство 1 648 656 
понять 2 659 665 6016 6022 
жить 1 671 675 
далекий 1 676 682 
вместе 1 684 690 
подрасти 1 697 706 
дочка 1 707 712 
софи 1 720 724 
переживать 1 726 736 
похожий 1 737 744 
ситуация 1 745 753 
алекс 3 761 766 822 827 1053 1059 
стрейнджлав 1 767 778 
крэйга 1 790 795 
джонсон 1 796 803 
старшеклассник 1 807 821 
трулав 1 828 834 
отличник 1 837 845 
президент 1 847 856 
класс 1 857 863 
сторона 1 874 880 
идеальный 1 881 890 
ученик 1 891 897 
он 6 899 901 949 953 994 996 2161 2164 3589 3591 5809 5812 
встречаться 2 902 913 6437 6448 
очаровательный 1 916 930 
клэр 1 931 935 
впереди 1 939 946 
у 3 947 948 2858 2859 3381 3382 
светлый 1 954 961 
будущее 2 962 969 1758 1765 
весь 4 974 977 3751 3754 5865 5868 6002 6007 
меняться 1 978 986 
знакомиться 1 997 1007 
харизматичный 1 1010 1023 
эллиот 1 1024 1032 
который 5 1034 1041 2671 2678 4812 4820 5856 5864 6048 6055 
заставлять 1 1042 1052 
задуматься 1 1060 1070 
о 2 1071 1072 2260 2261 
сексуальный 1 1085 1096 
ориентация 1 1097 1107 
американский 1 1115 1127 
животное 1 1128 1136 
барт 1 1148 1152 
лэйтон 1 1153 1159 
двое 1 1163 1167 
друг 2 1168 1174 1442 1448 
из 6 1175 1177 1271 1273 1700 1702 2462 2464 3031 3033 6126 6128 
городок 1 1178 1185 
лексингтон 1 1186 1196 
штат 1 1198 1202 
кентукк 1 1203 1211 
решать 2 1213 1219 5393 5399 
по-быстрому 1 1220 1231 
разбогатеть 1 1232 1243 
для 3 1245 1248 3624 3627 5154 5157 
это 1 1249 1254 
они 5 1255 1257 1602 1605 2369 2371 6353 6355 6434 6436 
надо 1 1258 1262 
украсть 1 1263 1270 
специальный 2 1274 1285 2187 2198 
коллекция 1 1286 1295 
местный 1 1298 1305 
библиотека 1 1306 1316 
дорогостоящий 1 1317 1330 
экземпляр 1 1331 1340 
птица 1 1342 1346 
америка 1 1347 1354 
джон 1 1356 1361 
одюбон 1 1362 1369 
самый 4 1379 1384 1703 1708 2864 2869 4957 4962 
хитроумный 1 1385 1395 
продумать 1 1398 1409 
план 2 1410 1414 4138 4143 
быть 2 1418 1423 5210 5215 
способный 2 1424 1432 3719 3728 
защитить 1 1433 1441 
от 2 1449 1451 3868 3870 
провал 1 1452 1459 
власть 2 1470 1476 1796 1802 
стихия 2 1477 1483 1803 1809 
бальтасар 1 1495 1504 
кормакур 1 1505 1513 
неожиданный 1 1517 1528 
встреча 1 1529 1536 
тами 1 1537 1541 
ричард 1 1544 1551 
стать 2 1552 1557 2512 2517 
начало 1 1558 1565 
большой 2 1566 1573 5198 5204 
любовь 1 1574 1579 
молодой 1 1581 1588 
свободный 2 1591 1600 2488 2497 
отправляться 2 1606 1618 4760 4772 
путешествие 2 1621 1632 4793 4804 
по 7 1633 1635 4144 4146 4678 4680 4898 4900 5999 6001 6255 6257 6406 6408 
тихий 1 1636 1642 
океан 1 1643 1649 
парусный 1 1653 1661 
яхта 1 1662 1666 
неожиданно 2 1668 1678 6144 6154 
судно 2 1679 1684 5056 5061 
настигать 1 1685 1694 
один 1 1695 1699 
мощный 1 1709 1715 
ураган 1 1716 1724 
отныне 1 1738 1744 
сам 2 1772 1776 6293 6298 
находиться 1 1783 1792 
война 1 1817 1822 
кармуза 2 1825 1832 1936 1942 
питер 1 1844 1849 
мими 1 1850 1854 
скотт 1 1858 1863 
эдкинс 1 1864 1870 
бороться 2 1871 1878 2412 2420 
несправедливость 1 1881 1898 
попутно 1 1900 1907 
разрушать 1 1908 1916 
район 2 1917 1922 3634 3640 
александрия 1 1923 1934 
действие 1 1944 1952 
происходить 1 1953 1963 
время 2 1967 1974 4611 4618 
правление 1 1975 1984 
египетский 1 1985 1996 
король 1 1997 2003 
фарука 1 2004 2010 
i 1 2011 2012 
добыча 1 2020 2026 
джимми 1 2038 2044 
хендерсон 1 2045 2054 
китайский 2 2058 2067 2386 2396 
полицейский 1 2068 2079 
под 1 2080 2083 
прикрытие 1 2084 2094 
несколько 1 2095 2104 
год 5 2105 2108 2813 2816 3373 3377 4585 4588 5619 5623 
выслеживать 1 2109 2119 
международный 2 2120 2133 6179 6193 
опг 1 2134 2137 
расследование 2 2139 2152 5333 5346 
заводить 1 2153 2160 
джунгли 2 2167 2174 2479 2487 
камбоджа 1 2175 2183 
тюрьма 2 2199 2205 2290 2296 
где 2 2207 2210 6422 6425 
действовать 1 2211 2220 
закон 1 2226 2232 
никто 2 2235 2240 5794 5799 
слыхом 1 2241 2247 
слыхивать 1 2251 2259 
право 1 2262 2268 
человек 4 2269 2277 2498 2507 2939 2944 3034 3039 
посетитель 1 2279 2289 
обеспечить 1 2299 2311 
искатель 1 2312 2320 
незаконный 1 2321 2331 
развлечение 2 2332 2343 3951 3962 
а 4 2345 2346 3379 3380 4107 4108 5364 5365 
заключить 1 2347 2358 
объект 1 2361 2368 
охота 1 2372 2377 
копа 1 2397 2401 
за 2 2421 2423 6321 6323 
результат 2 2434 2444 5366 5376 
рассвет 1 2448 2456 
уйти 1 2457 2461 
камбоджийский 1 2465 2478 
или 1 2508 2511 
очередной 2 2518 2527 4335 4344 
охотничий 1 2528 2538 
трофей 1 2539 2546 
богатый 1 2547 2555 
извращенец 1 2556 2566 
дэдпул 1 2574 2580 
дэвид 4 2594 2599 2649 2656 5286 5292 5472 5477 
литч 1 2600 2604 
болтливый 1 2608 2617 
наемник 1 2618 2625 
решить 1 2626 2631 
извиниться 1 2632 2642 
перед 1 2643 2648 
бекхэм 1 2657 2665 
над 1 2667 2670 
пошутить 1 2679 2686 
фильм 2 2696 2702 5607 5613 
единство 1 2710 2718 
линь 1 2737 2741 
чжэньчжао 1 2742 2751 
30-летняя 1 2755 2764 
женщина 1 2765 2772 
возвращаться 3 2773 2785 3491 3503 4200 4213 
поднебесный 1 2788 2799 
после 2 2800 2805 3150 3155 
многий 1 2806 2812 
изучение 1 2817 2825 
западный 2 2826 2834 2895 2903 
медицина 1 2835 2843 
цель 2 2845 2849 4806 4811 
мечта 1 2852 2857 
благородный 1 2870 2881 
совместить 1 2884 2894 
восточный 1 2906 2915 
учение 1 2916 2922 
помогать 1 2930 2938 
спасать 1 2947 2954 
знание 1 2965 2971 
попадать 1 2972 2980 
рука 2 2989 2993 5418 5422 
уже 1 3001 3004 
коварный 1 3005 3013 
компания 1 3014 3022 
создавать 1 3023 3030 
киборг 1 3040 3048 
защищать 1 3050 3058 
мир 2 3059 3062 6347 6351 
прийтись 1 3063 3071 
мастер 1 3072 3079 
боевой 1 3080 3086 
искусство 1 3087 3095 
возлюбить 1 3097 3110 
героиня 1 3111 3118 
задержка 1 3126 3134 
развитие 1 3137 3145 
неудача 2 3156 3163 4449 4457 
праздник 1 3166 3176 
синко 1 3177 3182 
кватро 1 3186 3192 
семья 2 3193 3198 3367 3372 
блут 1 3199 3203 
вновь 1 3204 3209 
найти 2 3219 3224 5478 5483 
способ 1 3225 3231 
продолжить 1 3232 3242 
совместный 1 3243 3253 
сосуществование 1 3254 3269 
майкл 1 3271 3277 
лучше 1 3278 3283 
разбираться 1 3291 3302 
проблема 1 3305 3315 
родственник 1 3323 3335 
мочь 1 3336 3341 
получить 1 3342 3350 
приз 1 3351 3355 
хороший 3 3360 3366 4265 4271 6111 6117 
сестра 1 3383 3389 
линдсь 1 3390 3396 
получиться 2 3397 3407 4012 4021 
выиграть 1 3408 3416 
выбор 1 3417 3423 
конгресс 1 3426 3434 
очистив 1 3456 3463 
добрый 1 3469 3475 
имя 1 3476 3479 
улица 1 3507 3512 
родный 1 3513 3520 
гарлем 1 3521 3528 
окончательно 2 3536 3548 5518 5530 
преступность 1 3563 3576 
постепенно 1 3578 3588 
превращаться 1 3592 3604 
настоящий 1 3607 3617 
поклонник 1 3645 3657 
последователь 1 3660 3675 
найтись 1 3697 3705 
злодей 1 3711 3717 
одночасье 1 3731 3740 
разрушить 1 3741 3750 
монстр 2 3762 3769 4164 4172 
каникулы 1 3773 3782 
3 1 3783 3784 
море 1 3786 3790 
звать 1 3791 3796 
генндий 1 3808 3815 
тартаковский 1 3816 3828 
мэвис 1 3832 3837 
уговаривать 1 3838 3849 
отвлечься 1 3858 3867 
управление 1 3871 3881 
отель 1 3882 3888 
отправиться 1 3891 3902 
передохнуть 1 3903 3914 
круиз 1 3917 3922 
шикарный 1 3924 3932 
лайнер 1 3933 3939 
предлагать 1 3940 3950 
вкус 1 3972 3976 
нормально 1 3989 3998 
отдохнуть 1 3999 4008 
пожилой 1 4023 4030 
ловелас 1 4031 4038 
влад 1 4039 4043 
папа 1 4045 4049 
явно 1 4059 4063 
намеренный 1 4064 4071 
испортить 1 4072 4081 
отпуск 1 4082 4088 
поведение 1 4095 4105 
капитан 1 4109 4116 
корабль 1 4117 4124 
эрик 1 4125 4130 
строить 1 4131 4137 
уничтожение 1 4147 4158 
борт 1 4176 4181 
никогда 2 4189 4196 5139 5146 
августин 1 4225 4233 
фриззелла 1 4234 4242 
анджела 1 4246 4253 
джесси 1 4256 4262 
подруга 2 4272 4279 6118 6125 
мечтать 1 4281 4290 
сбежать 1 4291 4298 
пляж 1 4302 4306 
вместо 1 4308 4314 
работать 1 4326 4334 
смена 1 4345 4350 
официантка 1 4351 4363 
грязный 1 4366 4373 
техасский 1 4374 4383 
забегаловка 1 4384 4395 
попытка 1 4407 4414 
вырваться 1 4415 4424 
свобода 1 4428 4435 
оканчиваться 1 4436 4448 
из-за 1 4458 4463 
неутомимый 1 4464 4474 
привычка 1 4475 4483 
находить 1 4492 4500 
приключение 1 4501 4512 
пятый 1 4521 4526 
точка 1 4527 4532 
остров 2 4540 4546 5130 5137 
хуан 1 4558 4562 
бо 1 4563 4565 
мужчина 1 4569 4576 
средний 1 4577 4584 
протяжение 1 4592 4602 
долгий 1 4603 4610 
покупать 2 4619 4626 4944 4952 
лотерейный 1 4627 4637 
билет 2 4638 4644 4974 4979 
сорвать 1 4654 4661 
куш 1 4662 4665 
подняться 1 4668 4677 
социальный 1 4681 4691 
лестница 1 4692 4700 
однажды 1 4702 4709 
рабочий 1 4714 4721 
коллектив 1 4722 4731 
обычный 1 4732 4739 
офисный 2 4740 4747 5158 5165 
сотрудник 1 4748 4759 
небольшой 1 4775 4784 
морской 1 4785 4792 
являться 1 4821 4829 
еще 1 4830 4833 
больший 1 4834 4841 
сплочение 1 4842 4851 
дружный 1 4852 4859 
команда 1 4860 4867 
другой 1 4869 4876 
слово 1 4877 4884 
тимбилдинг 2 4886 4896 5177 5187 
дорога 1 4901 4907 
мероприятие 1 4911 4922 
наконец-то 1 4933 4943 
счастливый 1 4963 4973 
крупный 1 4982 4989 
выигрыш 1 4990 4999 
день 1 5004 5008 
продолжаться 1 5009 5021 
так 1 5025 5028 
прекрасно 1 5029 5038 
начаться 1 5044 5051 
обрушиваться 1 5062 5074 
гигантский 1 5075 5085 
волна 1 5086 5091 
выжить 1 5095 5103 
оказываться 2 5104 5115 6155 6166 
отдаленный 1 5119 5129 
ранний 1 5147 5153 
работник 1 5166 5176 
значить 2 5191 5197 5216 5223 
сейчас 1 5224 5230 
поиск 1 5238 5243 
аниш 1 5255 5259 
чаганти 1 5260 5267 
16-летняя 1 5271 5280 
дочь 2 5281 5285 5454 5460 
ким 1 5293 5297 
пропадать 1 5298 5307 
без 1 5308 5311 
след 3 5312 5317 5513 5517 6258 6263 
полиция 1 5319 5326 
вести 1 5327 5332 
проходить 1 5348 5356 
сутки 1 5357 5362 
нет 1 5377 5380 
тогда 1 5382 5387 
отец 1 5388 5392 
взять 1 5400 5405 
дело 2 5406 5410 6333 6337 
поискать 1 5425 5433 
ответ 1 5434 5441 
ноутбук 1 5445 5453 
успеть 1 5462 5468 
зацепка 1 5484 5491 
прежде 1 5493 5499 
цифровой 1 5504 5512 
раствориться 1 5531 5542 
сеть 1 5545 5549 
суперфлай 2 5557 5566 5625 5634 
директор 1 5578 5586 
икс 1 5587 5590 
ремейк 1 5600 5606 
1972 1 5614 5618 
классика 1 5637 5645 
жанр 1 5646 5651 
блэксплотейшен 1 5652 5667 
шейн 1 5693 5697 
блэк 1 5698 5702 
главный 1 5712 5719 
бывший 2 5727 5733 6210 6216 
морпех 1 5734 5740 
обнаруживать 1 5742 5754 
злобный 1 5755 5762 
инопланетный 1 5763 5775 
раса 1 5776 5780 
земля 1 5784 5789 
верить 1 5803 5808 
тварь 1 5822 5827 
существовать 1 5828 5838 
сын-аутист 1 5844 5854 
обижать 1 5869 5876 
школа 1 5879 5884 
становиться 1 5886 5896 
ключевой 1 5897 5905 
фигура 1 5906 5913 
схватка 1 5916 5923 
мальчик 1 5947 5954 
уметь 1 5955 5960 
невероятно 1 5961 5971 
быстро 1 5972 5978 
учить 1 5979 5984 
язык 1 5985 5990 
судить 1 5994 5998 
смочь 1 6009 6015 
пришелец 1 6023 6033 
шпион 1 6041 6046 
я 1 6056 6060 
кинуть 1 6061 6066 
сузанна 1 6078 6085 
фогель 1 6086 6092 
одри 2 6096 6100 6217 6221 
морган 1 6103 6109 
лос-анджелес 1 6129 6142 
эпицентр 1 6169 6178 
заговор 1 6194 6202 
заявляться 1 6222 6232 
толпа 1 6241 6247 
идти 1 6248 6254 
кровожадный 1 6264 6275 
убийца 1 6276 6281 
удивляясь 1 6283 6292 
себя 1 6299 6303 
браться 1 6313 6320 
нелегкий 1 6324 6332 
спасение 1 6338 6346 
ждать 1 6356 6360 
полный 1 6361 6367 
опасность 1 6368 6378 
киллер 1 6381 6389 
шпионский 1 6390 6399 
гонка 1 6400 6405 
европа 1 6414 6420 
путь 1 6429 6433 
очень 1 6449 6454 
подозрительный 1 6455 6469 
обаятельный 1 6480 6491 
британский 1 6492 6502 
агент 1 6503 6508 
comments 1 6513 6521 
} 1 6526 6527 
