page_url 1 2 10 
https 1 14 19 
www 1 22 25 
kinopoisk 1 26 35 
ru 1 36 38 
media 1 39 44 
news 1 45 49 
1996803 1 50 57 
title 1 62 67 
сценарист 1 71 80 
хроника 1 82 89 
дебютировать 1 91 101 
в 4 102 103 152 153 495 496 859 860 
режиссура 1 104 113 
body 1 117 121 
действие 1 125 133 
быть 3 134 139 873 876 1268 1272 
развиваться 1 140 151 
лос-анджелес 1 154 167 
главный 1 169 176 
герой 1 177 183 
трое 1 184 188 
причем 1 190 196 
один 1 197 201 
из 1 202 204 
персонаж 1 205 215 
страдать 1 216 224 
от 3 225 227 524 526 574 576 
проблема 1 228 235 
связать 1 237 246 
с 3 247 249 694 695 1211 1212 
сексуальный 1 256 267 
ориентация 1 268 279 
лэндис 2 281 287 1048 1055 
обещать 2 288 295 406 413 
раскрыть 1 296 304 
тема 1 305 309 
секс 1 310 315 
любовь 2 317 322 608 614 
и 3 323 324 590 591 1167 1168 
дружба 1 325 331 
максимально 1 333 344 
сюрреалистичный 1 345 360 
образ 1 361 368 
это 3 372 375 869 872 1242 1247 
совершенно 1 376 386 
чумовой 1 387 394 
проект 3 395 401 1068 1075 1288 1294 
макс 4 414 418 637 641 1042 1047 1099 1103 
который 2 420 427 918 925 
сейчас 2 428 434 987 993 
подбирать 1 435 444 
актер 1 445 452 
n 8 454 455 456 457 458 459 796 797 798 799 800 801 978 979 980 981 
\ 5 455 456 457 458 797 798 799 800 979 980 
лэндис-младший 1 459 473 
губка 1 479 484 
впитывать 1 486 494 
себя 1 497 501 
поп-культура 1 502 514 
перенять 1 516 523 
квентин 1 527 535 
тарантино 1 536 545 
страсть 1 546 553 
к 2 554 555 615 616 
бешеный 1 556 564 
стиль 1 565 570 
а 1 572 573 
кевин 1 577 583 
смит 1 584 589 
джудда 1 592 598 
апатоу 1 599 605 
необычный 1 617 626 
диалог 1 627 635 
утверждать 1 642 652 
любить 1 658 663 
сочинять 1 664 672 
сценарий 4 673 681 850 858 1033 1041 1119 1127 
потому 1 683 689 
пятый 1 696 702 
класс 1 703 709 
научиться 1 710 718 
здорово 1 719 726 
врать 1 727 732 
признаваться 1 734 744 
на 2 750 752 1295 1297 
творчество 1 757 767 
сильно 1 768 774 
повлиять 1 775 782 
стивен 1 783 789 
кинг 1 790 794 
сын 1 801 804 
режиссер 2 805 814 1057 1067 
брат 1 816 823 
блюз 1 824 828 
сочинить 1 830 837 
первый 1 843 849 
18 1 861 863 
год 1 864 867 
эпизод 1 877 883 
для 1 884 887 
сериал 1 888 895 
мастер 1 897 904 
ужас 1 905 911 
над 1 914 917 
работать 1 926 933 
он 1 934 937 
отец 1 938 942 
серия 1 944 949 
называться 1 950 960 
женщина-олень 1 962 975 
nfox 1 982 986 
разрабатывать 1 994 1007 
фильм 1 1008 1013 
о 1 1014 1015 
франкенштейн 1 1016 1029 
по 1 1030 1032 
значиться 1 1076 1084 
пол 1 1085 1088 
макгиган 1 1089 1097 
недавно 1 1104 1111 
продать 1 1112 1118 
пилот 1 1128 1134 
телесериал 1 1135 1146 
vigilant 1 1147 1155 
студия 2 1156 1162 1298 1304 
fox 1 1163 1166 
продюсировать 1 1169 1180 
приключенческий 1 1181 1196 
лента 1 1197 1202 
woogles 1 1203 1210 
тимур 1 1213 1220 
бекмамбетов 1 1221 1234 
кроме 1 1236 1241 
у 1 1249 1250 
лэндиса-младший 1 1251 1267 
сверхсекретный 1 1273 1287 
disney 1 1305 1311 
comments 1 1316 1324 
} 1 1329 1330 
