page_url 1 2 10 
http 1 14 18 
filmplace 1 21 30 
ru 1 31 33 
film 1 34 38 
va-rock-am-ring 1 39 54 
html 1 55 59 
title 1 63 68 
va 1 72 74 
rock 2 76 80 165 169 
am 2 81 83 170 172 
ring 2 84 88 173 177 
alternative_titles 1 92 110 
genres 1 118 124 
концертный 1 129 139 
видео 1 140 145 
description 1 150 161 
один 1 180 184 
из 1 185 187 
крупный 1 188 198 
рок-фестиваль 1 199 213 
ежегодно 1 215 223 
проходить 1 224 234 
в 2 235 236 246 247 
германия 1 237 245 
первый 1 248 254 
выходной 1 255 263 
июнь 1 264 268 
date 1 273 277 
01.01.2012 1 281 291 
duration 1 295 303 
2 1 307 308 
58 1 309 311 
32 1 312 314 
comments 1 318 326 
} 1 331 332 
