page_url 1 2 10 
http 1 14 18 
filmplace 1 21 30 
ru 1 31 33 
film 1 34 38 
gospodin-dyavol 1 39 54 
html 1 55 59 
title 1 63 68 
господин 1 72 80 
дьявол 2 81 87 410 417 
alternative_titles 1 91 109 
il 1 114 116 
signor 1 117 123 
diavolo 1 124 131 
genres 1 136 142 
детектив 1 147 155 
зарубежный 1 159 169 
фильм 6 170 175 1429 1434 1824 1830 1864 1869 2050 2055 2765 2770 
триллер 1 179 186 
ужас 4 190 195 1057 1064 1993 1999 2040 2045 
description 1 200 211 
молодой 1 215 222 
полицейский 1 223 234 
фурио 1 235 240 
момент 1 241 248 
отправляться 1 249 261 
в 9 262 263 974 975 1216 1217 1244 1245 1391 1392 1681 1682 2134 2135 2413 2414 2663 2664 
регион 1 264 270 
венето 1 271 277 
расследовать 1 285 297 
загадочный 1 298 308 
и 11 309 310 723 724 943 944 1043 1044 1055 1056 1299 1300 1607 1608 1756 1757 2079 2080 2270 2271 2689 2690 
шокировать 1 311 321 
преступление 1 322 334 
подросток 1 336 345 
убить 2 346 350 398 402 
один 2 351 357 1192 1198 
из 1 358 360 
сверстник 1 367 378 
утверждать 1 380 389 
он 1 395 397 
сам 3 403 409 1581 1584 1849 1854 
date 1 422 426 
22.08.2019 1 430 440 
duration 1 444 452 
null 1 455 459 
director 1 462 470 
пупь 2 474 478 2733 2737 
авати 2 479 484 2738 2743 
actors 1 488 494 
габриэль 1 499 507 
ло 1 508 510 
джудич 1 511 518 
филиппо 1 522 529 
франкини 1 530 538 
чезаре 1 542 548 
кремониня 1 549 558 
массимо 1 562 569 
бонетти 1 570 577 
лино 1 581 585 
каполиккьо 1 586 596 
кьярый 1 600 605 
казелли 1 606 613 
джанни 1 617 623 
кавина 1 624 630 
алессандро 1 634 644 
абер 1 645 649 
андреа 1 653 659 
ронкато 1 660 667 
эва 1 671 674 
антония 1 675 682 
гримальдь 1 683 692 
comments 1 697 705 
своеобразный 1 710 722 
атмосферный 2 725 736 2068 2078 
ужастик 1 737 744 
расследование 1 747 760 
финал 1 762 767 
правда 1 769 775 
оставить 1 777 784 
недоумевать 1 785 796 
как-то 1 798 804 
нелогичный 1 805 814 
интересный 3 829 838 1870 1879 2281 2291 
весь 1 839 842 
быть 3 846 850 1585 1588 2328 2332 
больший 2 851 858 1101 1108 
количество 1 859 869 
время 2 870 877 2146 2151 
начало 1 882 888 
вроде 1 889 894 
интригующий 1 898 909 
жаль 1 911 915 
потом 2 916 921 1906 1911 
нагнетать 2 922 931 933 942 
пуф 1 945 948 
сюжетный 1 957 965 
поворот 1 966 973 
конец 1 976 981 
спасать 1 985 992 
от 2 993 995 1846 1848 
пустота 2 996 1003 1609 1616 
после 2 1004 1009 2539 2544 
просмотр 3 1010 1019 2186 2195 2545 2554 
скучный 1 1024 1030 
вяло 1 1032 1036 
серый 1 1038 1042 
уныло 1 1045 1050 
да 1 1052 1054 
назвать 1 1065 1072 
данный 1 1073 1079 
творение 1 1082 1090 
можно 1 1093 1098 
с 4 1099 1100 1441 1442 1933 1934 2302 2303 
труд 1 1109 1115 
удалить 1 1126 1132 
мда 1 1139 1142 
а 5 1144 1145 1389 1390 1661 1662 2394 2395 2488 2489 
почему 1 1146 1152 
еврей 3 1153 1159 1758 1763 1797 1803 
лан 1 1161 1164 
фамилии 1 1165 1172 
итальянский 1 1173 1184 
но 2 1186 1188 2410 2412 
еврейский 1 1199 1209 
имя 1 1210 1215 
актерский 1 1218 1227 
состав 1 1228 1235 
ранний 1 1237 1243 
классика 1 1246 1254 
без 2 1255 1258 2117 2120 
спецэффект 1 1259 1271 
втюхивать 1 1274 1283 
мало 1 1287 1291 
бабло 1 1292 1297 
ограничиваться 1 1304 1318 
зуб 1 1319 1325 
купить 1 1326 1336 
на 2 1337 1339 2712 2714 
китайский 1 1340 1349 
ебей 1 1350 1354 
впрочем 1 1358 1365 
игра 1 1366 1370 
актер 2 1371 1378 1855 1862 
плохой 1 1382 1387 
остальной 1 1393 1402 
видно 1 1403 1408 
человек 1 1413 1420 
снять 2 1421 1428 2657 2662 
религиозный 2 1443 1454 2304 2315 
подтекст 2 1455 1465 2316 2326 
знак 1 1466 1472 
поверхностно 1 1478 1490 
по 2 1494 1496 1956 1958 
повод 1 1497 1503 
религия-опиум 1 1507 1520 
для 3 1521 1524 1814 1817 2638 2641 
народ 2 1525 1531 2642 2648 
карл 2 1535 1539 1764 1769 
маркс 2 1540 1545 1770 1776 
впервые 1 1550 1557 
обессмертить 1 1558 1569 
фраза 5 1574 1579 1707 1712 2380 2385 2474 2479 2600 2605 
любитель 2 1589 1598 2023 2031 
опиум 2 1599 1605 2632 2637 
духовный 1 1617 1625 
заменять 1 1626 1633 
религия 2 1637 1645 2622 2629 
естественно 1 1646 1657 
кот-бегемот 1 1663 1674 
право 1 1675 1679 
исполнение 2 1683 1693 2415 2425 
бендер 4 1694 1701 2426 2433 2493 2500 2613 2620 
звучать 2 1713 1719 2438 2444 
убедительный 1 1720 1732 
у 1 1737 1738 
товарищ 1 1739 1747 
ленин 3 1748 1754 2386 2392 2480 2486 
ужасный 1 1789 1796 
подобрать 1 1804 1813 
страх 1 1834 1839 
брать 1 1840 1845 
смотреть 1 1880 1888 
первый 1 1889 1895 
половина 1 1896 1904 
идти 1 1912 1916 
сплошной 1 1917 1925 
лабуда 1 1926 1932 
дыбильный 1 1935 1944 
концовка 1 1945 1954 
5-бальной 1 1959 1968 
шкала 1 1969 1974 
ставить 1 1975 1981 
твердый 1 1982 1989 
1 1 1990 1991 
увидеть 1 2003 2009 
я 1 2014 2017 
жанр 1 2032 2037 
понравиться 1 2056 2066 
нагонять 1 2081 2089 
достаточно 1 2090 2100 
жути 1 2101 2105 
классик 1 2107 2115 
спецэфект 1 2121 2132 
последний 1 2136 2145 
редко 1 2152 2157 
встречаться 1 2158 2169 
затягивать 1 2171 2181 
при 1 2182 2185 
огромный 1 2197 2205 
благодарность 1 2206 2219 
автор 1 2220 2227 
за 1 2228 2230 
работа 2 2235 2241 2726 2732 
порадовать 1 2243 2253 
вялотекущий 1 2258 2269 
особо 1 2275 2280 
кинолента 1 2292 2301 
скучноватый 1 2333 2343 
кинопланетянин 1 2350 2364 
писать 1 2366 2371 
это 2 2373 2376 2467 2470 
бендерада 1 2399 2408 
она 1 2434 2437 
более 1 2445 2450 
убедительно 1 2451 2462 
весьма 1 2504 2510 
неплохой 1 2511 2519 
готический 1 2520 2530 
хоррор 1 2531 2537 
который 1 2555 2563 
так 1 2564 2567 
хотеться 1 2570 2577 
вспомнить 1 2578 2587 
бессмертный 1 2588 2599 
остап 1 2606 2612 
лента 1 2651 2656 
этакий 1 2665 2671 
пастельный 1 2672 2682 
тон 1 2683 2688 
стилистически 1 2691 2704 
похожий 1 2705 2711 
предыдущий 1 2715 2725 
настроение 1 2745 2755 
однако 1 2757 2763 
однозначно 1 2771 2781 
поднять 1 2785 2793 
} 1 2796 2797 
